0 235 SA_classdata POLY_ID
1 4         1359.17264
1 2         1333.93008
2 1         1333.93008
2 49         923.961227
3 50         1314.78171
3 66         898.845088
4 1         1359.17264
4 5         1196.90845
5 125         1263.16728
5 4         1196.90845
6 124         1188.36576
6 7         1064.75177
7 6         1064.75177
7 8         905.628031
8 9         1055.91299
8 7         905.628031
9 10         1173.38609
9 8         1055.91299
10 49         1352.07192
10 9         1173.38609
11 55         2762.08027
11 12         2226.24281
12 11         2226.24281
12 209         1400.14281
13 14         2455.16625
13 39         1952.18553
14 38         2276.92002
14 20         1556.88394
15 17         2780.80418
15 18         1676.42811
16 217         2393.07773
16 17         1435.66584
17 16         1435.66584
17 217          1367.2045
18 19         1976.44692
18 15         1676.42811
19 33         1788.99841
19 21         1184.99355
20 33         2009.89026
20 14         1556.88394
21 33         2387.06592
21 19         1184.99355
22 29         1987.63816
22 28         1906.37551
23 28         2417.46373
23 24         1459.23616
24 45         1875.77159
24 23         1459.23616
25 35         1742.25735
25 26         1401.35521
26 35         2142.40908
26 25         1401.35521
27 22         2662.26484
27 28         2075.53203
28 22         1906.37551
28 29         1468.79462
29 28         1468.79462
29 30         1402.17461
30 31         1623.44927
30 29         1402.17461
31 29         2388.83565
31 30         1623.44927
32 34         1687.34959
32 36         1517.32087
33 20         2009.89026
33 19         1788.99841
34 35         1924.29137
34 32         1687.34959
35 34         1924.29137
35 25         1742.25735
36 32         1517.32087
36 40         1189.62427
37 38         1946.60253
37 65         1161.02637
38 14         2276.92002
38 37         1946.60253
39 38         2615.52635
39 13         1952.18553
40 32         1886.66721
40 36         1189.62427
41 46         2059.15421
41 42         2025.17704
42 44         2150.15309
42 41         2025.17704
43 40         2111.51174
43 44         1606.12487
44 46          1805.3915
44 43         1606.12487
45 46         1891.74154
45 24         1875.77159
46 25         1886.96378
46 44          1805.3915
47 41         3629.03699
47 45          3138.4044
48 30         3451.97711
48 31         2688.52174
49 10         1352.07192
49 2         923.961227
50 3         1314.78171
50 51         940.659228
51 66         1136.58061
51 50         940.659228
52 71         1523.92734
52 70         1429.70558
53 50         1527.45225
53 54         1234.01967
54 53         1234.01967
54 55         1006.82672
55 10         1884.70154
55 54         1006.82672
56 54         2137.07079
56 55         2082.84656
57 58         2202.02866
57 64         2029.64755
58 59         2341.94519
58 57         2202.02866
59 52         1856.26853
59 60         1564.87288
60 61         1685.23533
60 59         1564.87288
61 62         2430.01998
61 60         1685.23533
62 78         3811.24888
62 61         2430.01998
63 57         3650.77103
63 64         1914.80708
64 57         2029.64755
64 63         1914.80708
65 38         3102.05946
65 37         1161.02637
66 51         1136.58061
66 3         898.845088
67 66         1145.42594
67 68         1079.66775
68 73         1652.49281
68 67         1079.66775
69 70         1193.36956
69 51         1155.06531
70 71         1184.90508
70 72         1128.34534
71 77         1446.94387
71 70         1184.90508
72 70         1128.34534
72 74         1031.12389
73 75         1413.87012
73 72         1380.99725
74 72         1031.12389
74 75         1012.41241
75 73         1413.87012
75 74         1012.41241
76 81           2135.694
76 75         1454.46017
77 74         1493.19786
77 71         1446.94387
78 60          2332.4475
78 79          1766.4518
79 77         2257.17077
79 78          1766.4518
80 81          2453.9856
80 79         2287.94019
81 76           2135.694
81 82         1559.87989
82 80         2880.71297
82 81         1559.87989
83 103         10927.2998
83 82         10882.6527
84 4         1458.90741
84 85         1145.22665
85 67         1261.30331
85 84         1145.22665
86 91         1572.12294
86 87         1515.71195
87 88         1268.74651
87 107         948.613372
88 87         1268.74651
88 89         794.701986
89 95         1184.91186
89 88         794.701986
90 94         1405.93977
90 91         1377.61666
91 93         1428.24818
91 90         1377.61666
92 93          1612.9151
92 73         1463.22347
93 91         1428.24818
93 99         1091.33994
94 98          1421.4815
94 90         1405.93977
95 88         1929.52239
95 89         1184.91186
96 95         2901.05019
96 97         1731.58023
97 98         1897.16183
97 96         1731.58023
98 99         1745.09707
98 94          1421.4815
99 100         1273.20428
99 93         1091.33994
100 101          1461.9336
100 99         1273.20428
101 98          2437.6386
101 100          1461.9336
102 81         2772.72597
102 100         2620.66842
103 101         5243.87829
103 102         5143.28943
104 96         6168.17663
104 101         6097.92187
105 125         1461.28176
105 106         986.723094
106 107         1258.12995
106 105         986.723094
107 106         1258.12995
107 87         948.613372
108 112         1676.40156
108 107         1436.61855
109 105         1759.89547
109 110         1529.14218
110 133          1464.8451
110 134          1434.0451
111 139         1852.07188
111 135         1833.65182
112 110          1689.6014
112 108         1676.40156
113 89         2585.90039
113 95         2190.34551
114 116         2160.88763
114 115         1915.86518
115 116         2974.28614
115 114         1915.86518
116 119         2228.13512
116 114         2160.88763
117 120         2652.49198
117 116         2514.40187
118 111         2825.86137
118 112         2663.56479
119 116         2228.13512
119 120         1734.59701
120 121         2509.22032
120 119         1734.59701
121 119         2862.38029
121 120         2509.22032
122 121         3821.73701
122 120          3755.8256
123 127          1241.5591
123 124         924.123103
124 125         1114.70971
124 123         924.123103
125 5         1263.16728
125 124         1114.70971
126 133         1379.24541
126 125         1292.29247
127 129         1058.64051
127 128         827.085264
128 132         1187.22176
128 127         827.085264
129 123         1337.54475
129 127         1058.64051
130 152         1660.11225
130 131         961.397892
131 132         1045.05327
131 130         961.397892
132 133         1183.96749
132 131         1045.05327
133 132         1183.96749
133 134         1105.52935
134 133         1105.52935
134 135         885.470711
135 139         1159.85256
135 134         885.470711
136 135          1583.4798
136 134           1572.482
137 136          1616.1606
137 156         1357.30028
138 137         2045.84511
138 159         1168.18618
139 111         1852.07188
139 135         1159.85256
140 138         2925.59524
140 139         2522.95558
141 144         1892.77482
141 142         1647.89617
142 141         1647.89617
142 143         922.881784
143 145         1950.93474
143 142         922.881784
144 149         2251.85542
144 141         1892.77482
145 142         1757.56757
145 147         1571.70583
146 150         3256.30158
146 151         3105.16592
147 148         1778.74098
147 145         1571.70583
148 147         1778.74098
148 149         1040.32904
149 147         1793.15334
149 148         1040.32904
150 144         2891.32931
150 185         2876.99339
151 189         2557.66539
151 190         2168.50128
152 129         1583.78401
152 154          1528.7988
153 213         1238.34351
153 154         953.920452
154 161         1443.51886
154 153         953.920452
155 156         1385.81597
155 161         1233.56087
156 155         1385.81597
156 137         1357.30028
157 180         1856.10066
157 158         1130.62093
158 157         1130.62093
158 159         940.842234
159 138         1168.18618
159 158         940.842234
160 161         1704.22761
160 163         1688.24772
161 154         1443.51886
161 155         1233.56087
162 168          1650.6896
162 169         1230.49603
163 178         1617.38731
163 179         1314.06048
164 169         1440.49859
164 165         956.054078
165 219         1065.91315
165 164         956.054078
166 168         1715.49714
166 170         1657.77199
167 174         1402.87461
167 168         1111.53025
168 169         1332.71805
168 167         1111.53025
169 168         1332.71805
169 162         1230.49603
170 171         1534.96535
170 167          1517.0645
171 230         1939.29202
171 170         1534.96535
172 231         1602.07453
172 173         931.006211
173 174         1167.18501
173 172         931.006211
174 167         1402.87461
174 173         1167.18501
175 199         1601.48762
175 174         1418.13791
176 175         1806.01736
176 178         1499.95659
177 196         1890.96941
177 178         1197.00572
178 177         1197.00572
178 179          1128.1679
179 163         1314.06048
179 178          1128.1679
180 181         1467.53232
180 184         830.983507
181 184         2030.76584
181 180         1467.53232
182 193         1920.68928
182 202         1307.59268
183 188         2125.88748
183 186         1735.21461
184 181         2030.76584
184 180         830.983507
185 184         2286.04409
185 188          2203.8514
186 187         1906.31801
186 183         1735.21461
187 189         1376.00745
187 188         1365.93217
188 183         2125.88748
188 187         1365.93217
189 190         1402.65367
189 187         1376.00745
190 189         1402.65367
190 191         1021.97978
191 192         2121.64625
191 190         1021.97978
192 189         2112.68908
192 193         1208.17249
193 194         1432.81941
193 192         1208.17249
194 182         2143.02926
194 193         1432.81941
195 197         2859.04856
195 198         2238.59888
196 199         1581.48204
196 201         1374.26667
197 195         2859.04856
197 198         2698.05603
198 195         2238.59888
198 199         1719.86018
199 175         1601.48762
199 196         1581.48204
200 198         2342.04053
200 203         2295.39602
201 202         1462.79638
201 196         1374.26667
202 201         1462.79638
202 182         1307.59268
203 202         3156.80067
203 200         2295.39602
204 234         4712.49737
204 205         4479.29531
205 203         4502.23968
205 204         4479.29531
206 191         9380.66897
206 194         9228.19238
207 212         1292.53212
207 7         1248.46351
208 210         1181.66267
208 8         1163.92238
209 210          1461.9475
209 12         1400.14281
210 209          1461.9475
210 208         1181.66267
211 129         1376.57459
211 212         1202.31808
212 207         1292.53212
212 211         1202.31808
213 214          1243.2904
213 153         1238.34351
214 215         1341.73091
214 213          1243.2904
215 210         1665.43141
215 214         1341.73091
216 217         1633.70293
216 220         1344.95604
217 216         1633.70293
217 17          1367.2045
218 214         1406.08972
218 220         1265.70537
219 220         1448.59122
219 165         1065.91315
220 216         1344.95604
220 218         1265.70537
221 229         1792.57253
221 230         1726.68473
222 224         1744.87151
222 223         1723.33334
223 221         2024.03638
223 222         1723.33334
224 222         1744.87151
224 225         1288.60961
225 229         1472.09143
225 224         1288.60961
226 225         1915.96354
226 231         1764.95441
227 228         1849.70001
227 232         1664.70321
228 226         2272.31577
228 227         1849.70001
229 225         1472.09143
229 230         936.844264
230 221         1726.68473
230 229         936.844264
231 226         1764.95441
231 172         1602.07453
232 228         2867.80957
232 227         1664.70321
233 30         3864.43314
233 235         3388.00796
234 195         6222.72836
234 204         4712.49737
235 232         6503.71012
235 233         3388.00796
